""" Module for testing the on-the-fly MSD analysis. """


# Copyright (c)  2013-2014  Mikael Leetmaa
#
# This file is part of the KMCLib project distributed under the terms of the
# GNU General Public License version 3, see <http://www.gnu.org/licenses/>.
#

import unittest
import numpy
import StringIO

# Import from the module we test.
from KMCLib.Analysis.OnTheFlyMSD import OnTheFlyMSD
from KMCLib.CoreComponents.KMCUnitCell import KMCUnitCell
from KMCLib.CoreComponents.KMCLattice import KMCLattice
from KMCLib.CoreComponents.KMCConfiguration import KMCConfiguration
from KMCLib.CoreComponents.KMCProcess import KMCProcess
from KMCLib.CoreComponents.KMCInteractions import KMCInteractions
from KMCLib.CoreComponents.KMCLatticeModel import KMCLatticeModel
from KMCLib.CoreComponents.KMCControlParameters import KMCControlParameters
from KMCLib.Backend.Backend import MPICommons
from KMCLib.Backend import Backend

# Implement the test.
class OnTheFlyMSDTest(unittest.TestCase):
    """ Class for testing the on-the-fly MSD analysis. """

    def testConstruction(self):
        """ Test the MSD analysis object can be constructed. """
        msd = OnTheFlyMSD(history_steps=13,
                          n_bins=512,
                          t_max = 1024.0,
                          track_type="A")

    def testCalculation(self):
        """ Test a calculation with the on-the-fly MSD analysis. """
        # Setup a system, a periodic 10 atoms long 1D chain.
        unit_cell = KMCUnitCell(cell_vectors=numpy.array([[1.0,0.0,0.0],
                                                          [0.0,1.0,0.0],
                                                          [0.0,0.0,1.0]]),
                                basis_points=[[0.0,0.0,0.0]])

        # And a lattice.
        lattice = KMCLattice(unit_cell=unit_cell,
                             repetitions=(10,10,10),
                             periodic=(True,True,True))

        # Setup an initial configuration with one B in a sea of A:s.
        types = ["A"]*10*10*10
        types[5] = "B"

        config = KMCConfiguration(lattice=lattice,
                                  types=types,
                                  possible_types=["A","B"])

        # Setup a diffusion process to the left.
        coordinates_p0 = [[0.0, 0.0, 0.0],[-1.0, 0.0, 0.0]]
        p0 = KMCProcess(coordinates=coordinates_p0,
                        elements_before=["B","A"],
                        elements_after=["A","B"],
                        move_vectors=None,
                        basis_sites=[0],
                        rate_constant=1.0)

        coordinates_p1 = [[0.0, 0.0, 0.0],[1.0, 0.0, 0.0]]
        p1 = KMCProcess(coordinates=coordinates_p1,
                        elements_before=["B","A"],
                        elements_after=["A","B"],
                        move_vectors=None,
                        basis_sites=[0],
                        rate_constant=1.0)

        coordinates_p2 = [[0.0, 0.0, 0.0],[0.0,-1.0, 0.0]]
        p2 = KMCProcess(coordinates=coordinates_p2,
                        elements_before=["B","A"],
                        elements_after=["A","B"],
                        move_vectors=None,
                        basis_sites=[0],
                        rate_constant=1.0)

        coordinates_p3 = [[0.0, 0.0, 0.0],[0.0, 1.0, 0.0]]
        p3 = KMCProcess(coordinates=coordinates_p3,
                        elements_before=["B","A"],
                        elements_after=["A","B"],
                        move_vectors=None,
                        basis_sites=[0],
                        rate_constant=1.0)

        coordinates_p4 = [[0.0, 0.0, 0.0],[0.0, 0.0,-1.0]]
        p4 = KMCProcess(coordinates=coordinates_p4,
                        elements_before=["B","A"],
                        elements_after=["A","B"],
                        move_vectors=None,
                        basis_sites=[0],
                        rate_constant=1.0)

        coordinates_p5 = [[0.0, 0.0, 0.0],[0.0, 0.0, 1.0]]
        p5 = KMCProcess(coordinates=coordinates_p5,
                        elements_before=["B","A"],
                        elements_after=["A","B"],
                        move_vectors=None,
                        basis_sites=[0],
                        rate_constant=1.0)

        interactions = KMCInteractions(processes=[p0, p1, p2, p3, p4, p5],
                                       implicit_wildcards=True)

        model = KMCLatticeModel(configuration=config,
                                interactions=interactions)

        # Setup the analysis.
        msd = OnTheFlyMSD(history_steps=400,
                          n_bins=10,
                          t_max=25.0,
                          track_type="B")

        # Setup the control parameters.
        control_parameters = KMCControlParameters(number_of_steps=4000,
                                                  dump_interval=100,
                                                  analysis_interval=1,
                                                  seed=2013)
        # Run the model.
        model.run(control_parameters=control_parameters,
                  analysis=[msd])

        # Get the results out.
        results      = msd.results()
        time_steps   = msd.timeSteps()
        std_dev      = msd.stdDev()
        bin_counters = msd.binCounters()

        # Compare against references.
        ref_results = numpy.array([[   2.77712331 ,   8.22333156 ,  14.21578638 ,  21.11949845 ,  27.57598537,
                                       33.81520414,   40.5640313 ,   47.35067074,   54.83134718,   63.0006103 ],
                                   [   2.80810946 ,   8.48503234 ,  13.7997313  ,  17.62812205 ,  22.37202018,
                                       29.12157221,   35.40750463,   41.44944591,   48.94392653,   56.67111894],
                                   [   2.98786918 ,   8.65022668 ,  14.01808716 ,  18.62678885 ,  22.65708384,
                                       26.03107861,   30.03937616,   35.1483    ,   40.68319007,   47.21074474],
                                   [   5.58523277 ,  16.70836389 ,  28.01551768 ,  38.74762049 ,  49.94800555,
                                       62.93677636,   75.97153593,   88.80011665,  103.77527371,  119.67172924],
                                   [   5.76499249 ,  16.87355824 ,  28.23387354 ,  39.7462873  ,  50.23306921,
                                       59.84628275,   70.60340745,   82.49897073,   95.51453725,  110.21135504],
                                   [   5.79597864 ,  17.13525902 ,  27.81781846 ,  36.2549109  ,  45.02910402,
                                       55.15265082,   65.44688079,   76.59774591,   89.62711659,  103.88186368],
                                   [   8.57310195 ,  25.35859057 ,  42.03360484 ,  57.37440934 ,  72.60508939,
                                       88.96785497,  106.01091209,  123.94841665,  144.45846377,  166.88247398]])

        diff = numpy.linalg.norm(ref_results - results)
        self.assertAlmostEqual(diff, 0.0, 6)

        ref_time_steps = numpy.array([  1.25,   3.75,   6.25,   8.75,  11.25,  13.75,  16.25,  18.75,  21.25,  23.75])
        diff = numpy.linalg.norm(ref_time_steps - time_steps)
        self.assertAlmostEqual(diff, 0.0, 8)

        ref_std_dev = numpy.array( [[  0.14837207,   0.7305895 ,   1.61912818,   2.84016862,   4.19935234,
                                       5.69504607,   7.43238623,   9.31932103,  11.49445671,  13.97165319],
                                    [  0.15002755,   0.75383991,   1.57174096,   2.37064526,   3.40687718,
                                       4.90455993,   6.48757634,   8.15787162,  10.26025939,  12.5679611 ],
                                    [  0.15963149,   0.76851636,   1.59661093,   2.50494685,   3.45028752,
                                       4.38406911,   5.5039955 ,   6.91771175,   8.52853689,  10.46993274],
                                    [  0.21100039,   1.04965011,   2.25628521,   3.68460183,   5.37841647,
                                       7.49505328,   9.84289993,  12.35824143,  15.38290727,  18.76634124],
                                    [  0.2177914 ,   1.06002792,   2.27387093,   3.77956739,   5.40911222,
                                       7.12701069,   9.14740325,  11.48131598,  14.15839455,  17.28281115],
                                    [  0.218962  ,   1.07646844,   2.24036311,   3.44756425,   4.84874766,
                                       6.56805258,   8.47932177,  10.66004723,  13.28568526,  16.29025096],
                                    [  0.26444438,   1.30073885,   2.76405291,   4.45469653,   6.38348309,
                                       8.65082886,  11.21442742,  14.08440462,  17.48404426,  21.36747194]])

        diff = numpy.linalg.norm(ref_std_dev - std_dev)
        self.assertAlmostEqual(diff, 0.0, 6)

        ref_bin_counters = (59930, 59996, 59545, 59256, 59064, 59076, 58284, 58294, 57817, 57349)
        self.assertEqual(bin_counters, ref_bin_counters)

    def testCalculationFlipped(self):
        """ Test a calculation with the on-the-fly MSD analysis. """
        # Setup a system, a periodic 10 atoms long 1D chain.
        unit_cell = KMCUnitCell(cell_vectors=numpy.array([[0.0,1.0,0.0],
                                                          [0.0,0.0,1.0],
                                                          [1.0,0.0,0.0]]),
                                basis_points=[[0.0,0.0,0.0]])

        # And a lattice.
        lattice = KMCLattice(unit_cell=unit_cell,
                             repetitions=(10,10,10),
                             periodic=(True,True,True))

        # Setup an initial configuration with one B in a sea of A:s.
        types = ["A"]*10*10*10
        types[5] = "B"

        config = KMCConfiguration(lattice=lattice,
                                  types=types,
                                  possible_types=["A","B"])

        # Setup a diffusion process to the left.
        coordinates_p0 = [[0.0, 0.0, 0.0],[-1.0, 0.0, 0.0]]
        p0 = KMCProcess(coordinates=coordinates_p0,
                        elements_before=["B","A"],
                        elements_after=["A","B"],
                        move_vectors=None,
                        basis_sites=[0],
                        rate_constant=1.0)

        coordinates_p1 = [[0.0, 0.0, 0.0],[1.0, 0.0, 0.0]]
        p1 = KMCProcess(coordinates=coordinates_p1,
                        elements_before=["B","A"],
                        elements_after=["A","B"],
                        move_vectors=None,
                        basis_sites=[0],
                        rate_constant=1.0)

        coordinates_p2 = [[0.0, 0.0, 0.0],[0.0,-1.0, 0.0]]
        p2 = KMCProcess(coordinates=coordinates_p2,
                        elements_before=["B","A"],
                        elements_after=["A","B"],
                        move_vectors=None,
                        basis_sites=[0],
                        rate_constant=1.0)

        coordinates_p3 = [[0.0, 0.0, 0.0],[0.0, 1.0, 0.0]]
        p3 = KMCProcess(coordinates=coordinates_p3,
                        elements_before=["B","A"],
                        elements_after=["A","B"],
                        move_vectors=None,
                        basis_sites=[0],
                        rate_constant=1.0)

        coordinates_p4 = [[0.0, 0.0, 0.0],[0.0, 0.0,-1.0]]
        p4 = KMCProcess(coordinates=coordinates_p4,
                        elements_before=["B","A"],
                        elements_after=["A","B"],
                        move_vectors=None,
                        basis_sites=[0],
                        rate_constant=1.0)

        coordinates_p5 = [[0.0, 0.0, 0.0],[0.0, 0.0, 1.0]]
        p5 = KMCProcess(coordinates=coordinates_p5,
                        elements_before=["B","A"],
                        elements_after=["A","B"],
                        move_vectors=None,
                        basis_sites=[0],
                        rate_constant=1.0)

        interactions = KMCInteractions(processes=[p0, p1, p2, p3, p4, p5],
                                       implicit_wildcards=True)

        model = KMCLatticeModel(configuration=config,
                                interactions=interactions)

        # Setup the analysis.
        msd = OnTheFlyMSD(history_steps=400,
                          n_bins=10,
                          t_max=25.0,
                          track_type="B")

        # Setup the control parameters.
        control_parameters = KMCControlParameters(number_of_steps=4000,
                                                  dump_interval=100,
                                                  analysis_interval=1,
                                                  seed=2013)
        # Run the model.
        model.run(control_parameters=control_parameters,
                  analysis=[msd])

        # Get the results out.
        results      = msd.results()
        time_steps   = msd.timeSteps()
        std_dev      = msd.stdDev()
        bin_counters = msd.binCounters()

        # Compare against references.
        ref_results = numpy.array([[   2.98786918 ,   8.65022668 ,  14.01808716 ,  18.62678885 ,  22.65708384,
                                       26.03107861,   30.03937616,   35.1483    ,   40.68319007,   47.21074474],
                                   [   2.77712331 ,   8.22333156 ,  14.21578638 ,  21.11949845 ,  27.57598537,
                                       33.81520414,   40.5640313 ,   47.35067074,   54.83134718,   63.0006103 ],
                                   [   2.80810946 ,   8.48503234 ,  13.7997313  ,  17.62812205 ,  22.37202018,
                                       29.12157221,   35.40750463,   41.44944591,   48.94392653,   56.67111894],
                                   [   5.76499249 ,  16.87355824 ,  28.23387354 ,  39.7462873  ,  50.23306921,
                                       59.84628275,   70.60340745,   82.49897073,   95.51453725,  110.21135504],
                                   [   5.79597864 ,  17.13525902 ,  27.81781846 ,  36.2549109  ,  45.02910402,
                                       55.15265082,   65.44688079,   76.59774591,   89.62711659,  103.88186368],
                                   [   5.58523277 ,  16.70836389 ,  28.01551768 ,  38.74762049 ,  49.94800555,
                                       62.93677636,   75.97153593,   88.80011665,  103.77527371,  119.67172924],
                                   [   8.57310195 ,  25.35859057 ,  42.03360484 ,  57.37440934 ,  72.60508939,
                                       88.96785497,  106.01091209,  123.94841665,  144.45846377,  166.88247398]])

        diff = numpy.linalg.norm(ref_results - results)
        self.assertAlmostEqual(diff, 0.0, 6)

        ref_time_steps = numpy.array([  1.25,   3.75,   6.25,   8.75,  11.25,  13.75,  16.25,  18.75,  21.25,  23.75])
        diff = numpy.linalg.norm(ref_time_steps - time_steps)
        self.assertAlmostEqual(diff, 0.0, 8)

        ref_std_dev = numpy.array([[  0.15963149,   0.76851636,   1.59661093,   2.50494685,   3.45028752,
                                      4.38406911,   5.5039955 ,   6.91771175,   8.52853689,  10.46993274],
                                   [  0.14837207,   0.7305895 ,   1.61912818,   2.84016862,   4.19935234,
                                      5.69504607,   7.43238623,   9.31932103,  11.49445671,  13.97165319],
                                   [  0.15002755,   0.75383991,   1.57174096,   2.37064526,   3.40687718,
                                      4.90455993,   6.48757634,   8.15787162,  10.26025939,  12.5679611 ],
                                   [  0.2177914 ,   1.06002792,   2.27387093,   3.77956739,   5.40911222,
                                      7.12701069,   9.14740325,  11.48131598,  14.15839455,  17.28281115],
                                   [  0.218962  ,   1.07646844,   2.24036311,   3.44756425,   4.84874766,
                                      6.56805258,   8.47932177,  10.66004723,  13.28568526,  16.29025096],
                                   [  0.21100039,   1.04965011,   2.25628521,   3.68460183,   5.37841647,
                                      7.49505328,   9.84289993,  12.35824143,  15.38290727,  18.76634124],
                                   [  0.26444438,   1.30073885,   2.76405291,   4.45469653,   6.38348309,
                                      8.65082886,  11.21442742,  14.08440462,  17.48404426,  21.36747194]])

        diff = numpy.linalg.norm(ref_std_dev - std_dev)
        self.assertAlmostEqual(diff, 0.0, 6)

        ref_bin_counters = (59930, 59996, 59545, 59256, 59064, 59076, 58284, 58294, 57817, 57349)
        self.assertEqual(bin_counters, ref_bin_counters)

    def testCalculationNonOrthogonal(self):
        """ Test a calculation with the on-the-fly MSD analysis. """
        # Setup a system, a periodic 10 atoms long 1D chain.
        unit_cell = KMCUnitCell(cell_vectors=numpy.array([[2.0,1.0,0.0],
                                                          [0.0,1.0,0.0],
                                                          [0.0,2.0,1.0]]),
                                basis_points=[[0.0,0.0,0.0]])

        # And a lattice.
        lattice = KMCLattice(unit_cell=unit_cell,
                             repetitions=(10,10,10),
                             periodic=(True,True,True))

        # Setup an initial configuration with one B in a sea of A:s.
        types = ["A"]*10*10*10
        types[5] = "B"

        config = KMCConfiguration(lattice=lattice,
                                  types=types,
                                  possible_types=["A","B"])

        # Setup a diffusion process to the left.
        coordinates_p0 = [[0.0, 0.0, 0.0],[-1.0, 0.0, 0.0]]
        p0 = KMCProcess(coordinates=coordinates_p0,
                        elements_before=["B","A"],
                        elements_after=["A","B"],
                        move_vectors=None,
                        basis_sites=[0],
                        rate_constant=1.0)

        coordinates_p1 = [[0.0, 0.0, 0.0],[1.0, 0.0, 0.0]]
        p1 = KMCProcess(coordinates=coordinates_p1,
                        elements_before=["B","A"],
                        elements_after=["A","B"],
                        move_vectors=None,
                        basis_sites=[0],
                        rate_constant=1.0)

        coordinates_p2 = [[0.0, 0.0, 0.0],[0.0,-1.0, 0.0]]
        p2 = KMCProcess(coordinates=coordinates_p2,
                        elements_before=["B","A"],
                        elements_after=["A","B"],
                        move_vectors=None,
                        basis_sites=[0],
                        rate_constant=1.0)

        coordinates_p3 = [[0.0, 0.0, 0.0],[0.0, 1.0, 0.0]]
        p3 = KMCProcess(coordinates=coordinates_p3,
                        elements_before=["B","A"],
                        elements_after=["A","B"],
                        move_vectors=None,
                        basis_sites=[0],
                        rate_constant=1.0)

        coordinates_p4 = [[0.0, 0.0, 0.0],[0.0, 0.0,-1.0]]
        p4 = KMCProcess(coordinates=coordinates_p4,
                        elements_before=["B","A"],
                        elements_after=["A","B"],
                        move_vectors=None,
                        basis_sites=[0],
                        rate_constant=1.0)

        coordinates_p5 = [[0.0, 0.0, 0.0],[0.0, 0.0, 1.0]]
        p5 = KMCProcess(coordinates=coordinates_p5,
                        elements_before=["B","A"],
                        elements_after=["A","B"],
                        move_vectors=None,
                        basis_sites=[0],
                        rate_constant=1.0)

        interactions = KMCInteractions(processes=[p0, p1, p2, p3, p4, p5],
                                       implicit_wildcards=True)

        model = KMCLatticeModel(configuration=config,
                                interactions=interactions)

        # Setup the analysis.
        msd = OnTheFlyMSD(history_steps=400,
                          n_bins=10,
                          t_max=25.0,
                          track_type="B")

        # Setup the control parameters.
        control_parameters = KMCControlParameters(number_of_steps=4000,
                                                  dump_interval=100,
                                                  analysis_interval=1,
                                                  seed=2013)
        # Run the model.
        model.run(control_parameters=control_parameters,
                  analysis=[msd])

        # Get the results out.
        results      = msd.results()
        time_steps   = msd.timeSteps()
        std_dev      = msd.stdDev()
        bin_counters = msd.binCounters()

        # Compare against references.
        ref_results = numpy.array([[  11.10849324 ,  32.89332622 ,  56.86314552 ,  84.47799379 , 110.30394149,
                                      135.26081658,  162.25612518,  189.40268295,  219.32538873,  252.00244119],
                                   [  17.33153679 ,  50.69982999 ,  82.74958435 , 111.33382274 , 136.44824258,
                                      164.84499628,  193.94367236,  234.25340515,  272.64453361,  302.94924061],
                                   [   2.98786918 ,   8.65022668 ,  14.01808716 ,  18.62678885 ,  22.65708384,
                                       26.03107861,   30.03937616,   35.1483    ,   40.68319007,   47.21074474],
                                   [  28.44003004 ,  83.59315621 , 139.61272987 , 195.81181652 , 246.75218407,
                                      300.10581285,  356.19979754,  423.65608811,  491.96992234,  554.95168181],
                                   [  14.09636242 ,  41.5435529  ,  70.88123268 , 103.10478264 , 132.96102533,
                                      161.29189519,  192.29550134,  224.55098295,  260.00857879,  299.21318593],
                                   [  20.31940597 ,  59.35005667 ,  96.76767151 , 129.96061158 , 159.10532643,
                                      190.87607489,  223.98304852,  269.40170515,  313.32772368,  350.15998535],
                                   [  31.42789922 ,  92.24338289 , 153.63081703 , 214.43860537 , 269.40926791,
                                      326.13689146,  386.2391737 ,  458.8043881 ,  532.65311241,  602.16242655]])

        diff = numpy.linalg.norm(ref_results - results)
        self.assertAlmostEqual(diff, 0.0, 6)

        ref_time_steps = numpy.array([  1.25,   3.75,   6.25,   8.75,  11.25,  13.75,  16.25,  18.75,  21.25,  23.75])
        diff = numpy.linalg.norm(ref_time_steps - time_steps)
        self.assertAlmostEqual(diff, 0.0, 8)

        ref_std_dev = numpy.array([[  0.59348826 ,  2.92235801 ,  6.47651272 , 11.36067446 , 16.79740936,
                                      22.78018427,  29.72954492,  37.27728411,  45.97782684,  55.88661276],
                                   [  0.92596389 ,  4.50435001 ,  9.42488725 , 14.97226982 , 20.7787406,
                                      27.76265504,  35.53552825,  46.10457783,  57.15527613,  67.18509081],
                                   [  0.15963149 ,  0.76851636 ,  1.59661093 ,  2.50494685 ,  3.45028752,
                                      4.38406911 ,  5.5039955  ,  6.91771175 ,  8.52853689 , 10.46993274],
                                   [  1.07441492 ,  5.2514756  , 11.24398775 , 18.62020347 , 26.57035045,
                                      35.73918442,  46.14937581,  58.95988   ,  72.92611647,  87.02483617],
                                   [  0.53253608 ,  2.60984229 ,  5.70856048 ,  9.80447485 , 14.31728377,
                                      19.20802777,  24.91387536,  31.25058126,  38.54181941,  46.9211633 ],
                                   [  0.76763185 ,  3.72847956 ,  7.7933761  , 12.35825842 , 17.13251009,
                                      22.73116664,  29.01932554,  37.49242051,  46.4454696 ,  54.91039375],
                                   [  0.96941939 ,  4.731515   , 10.1024813  , 16.6495642  , 23.68662473,
                                      31.71206536,  40.85854085,  52.13448317,  64.46787783,  77.10029967]])

        diff = numpy.linalg.norm(ref_std_dev - std_dev)
        self.assertAlmostEqual(diff, 0.0, 6)

        ref_bin_counters = (59930, 59996, 59545, 59256, 59064, 59076, 58284, 58294, 57817, 57349)
        self.assertEqual(bin_counters, ref_bin_counters)

    def testPrintResults(self):
        """ Test that the results gets printed as expected. """
        # Fill an object with data.
        ref_results = numpy.array([[  2.83900934,   8.52281124,  14.09108351,  20.00585490,  25.26096208,
                                     30.09109804,  36.62202664,  43.47434981,  50.79520993,  58.25866865],
                                   [  2.88482657,   8.20673616,  13.39956335,  17.50176483,  22.89894945,
                                     29.46099902,  36.60734674,  44.33478009,  52.14399436,  59.49159482],
                                   [ 22.88482657,  48.20673616,  53.39956335,  67.50176483,  72.89894945,
                                     39.46099902,  56.60734674,  54.33478009,  62.14399436,  79.49159482],
                                   [  3.12507672,   8.84431286,  13.83414102,  18.58819987,  24.03051120,
                                     29.05110007,  77.65539622,  40.08318015,  46.38807125,  54.56025293],
                                   [ 13.83900934,  66.52281124,  14.09108351,  20.00585490,  25.26096208,
                                     24.09109804,  88.62202664,  43.47434981,  30.79520993,  78.25866865],
                                   [ 35.88482657,   5.20673616,  13.39956335,  37.50176483,  82.89894945,
                                     45.46099902,  34.60734674,  44.33478009,  42.14399436,  99.49159482],
                                   [  56.12507672,  1.84431286,  13.83414102,  58.58819987,  84.03051120,
                                     29.05110007,  33.65539622,  40.08318015,  56.38807125,  74.56025293]])
        ref_time_steps = numpy.array([  1.25,   3.75,   6.25,   8.75,  11.25,  13.75,  16.25,  18.75,  21.25,  23.75])
        ref_std_dev = numpy.array([[ 0.02008562,  0.05432052,  0.08833069,  0.11053417,  0.12584537,  0.14901027,
                                     0.18265464,  0.20891115,  0.24045901,  0.27834904],
                                   [ 0.01911933,  0.04761810,  0.07830592,  0.10414501,  0.14034533,  0.18069990,
                                     0.23416218,  0.28725392,  0.34211121,  0.39464802],
                                   [ 0.02198474,  0.05167655,  0.08130953,  0.10885342,  0.14397243,  0.16894787,
                                     0.19585331,  0.22369909,  0.25162530,  0.29321875],
                                   [ 3.02198474,  4.05167655,  5.08130953,  5.10885342,  0.14397243,  4.16894787,
                                     3.19585331,  4.22369909, 50.25162530, 10.29321875],
                                   [ 1.02008562,  3.05432052,  0.08833069,  0.11053417, 44.12584537,  3.14901027,
                                     3.18265464,  4.20891115,  0.24045901,  0.27834904],
                                   [ 4.01911933,  5.04761810,  4.07830592,  0.10414501,  0.14034533,  1.18069990,
                                     5.23416218,  6.28725392,  4.34211121,  0.39464802],
                                   [ 6.02198474,  7.05167655,  3.08130953,  2.10885342,  4.14397243,  1.16894787,
                                     7.19585331,  8.22369909,  0.25162530,  0.29321875]])
        ref_bin_counters = (60283, 60628, 60461, 59779, 59683, 59178, 58856, 58752, 58162, 57881)

        ref_history_bin_counters = [(0, 0, 0, 0, 0, 1, 87, 58752, 58162, 57881)]

        msd = OnTheFlyMSD.__new__(OnTheFlyMSD)
        msd._OnTheFlyMSD__results = ref_results
        msd._OnTheFlyMSD__time_steps = ref_time_steps
        msd._OnTheFlyMSD__std_dev = ref_std_dev
        msd._OnTheFlyMSD__bin_counters = ref_bin_counters
        msd._OnTheFlyMSD__history_bin_counters = ref_history_bin_counters
        msd._OnTheFlyMSD__n_eff = [0.1, 1.2, 3.4, 5.5, 6.6, 7.7, 0.8, 9.9, 4.3, 2.1]

        # Print the results to a stream.
        stream = StringIO.StringIO()
        msd.printResults(stream)

        # Check against reference.

        ref_value = """      TIME       MSD_x       DSD_y       MSD_z      MSD_xy      MSD_xz      MSD_yz     MSD_xyz       STD_x       STD_y       STD_z      STD_xy      STD_xz      STD_yz     STD_xyz        N_eff
1.25000e+00 2.83901e+00 2.88483e+00 2.28848e+01 3.12508e+00 1.38390e+01 3.58848e+01 5.61251e+01 2.00856e-02 1.91193e-02 2.19847e-02 3.02198e+00 1.02009e+00 4.01912e+00 6.02198e+00 1.00000e-01
3.75000e+00 8.52281e+00 8.20674e+00 4.82067e+01 8.84431e+00 6.65228e+01 5.20674e+00 1.84431e+00 5.43205e-02 4.76181e-02 5.16766e-02 4.05168e+00 3.05432e+00 5.04762e+00 7.05168e+00 1.20000e+00
6.25000e+00 1.40911e+01 1.33996e+01 5.33996e+01 1.38341e+01 1.40911e+01 1.33996e+01 1.38341e+01 8.83307e-02 7.83059e-02 8.13095e-02 5.08131e+00 8.83307e-02 4.07831e+00 3.08131e+00 3.40000e+00
8.75000e+00 2.00059e+01 1.75018e+01 6.75018e+01 1.85882e+01 2.00059e+01 3.75018e+01 5.85882e+01 1.10534e-01 1.04145e-01 1.08853e-01 5.10885e+00 1.10534e-01 1.04145e-01 2.10885e+00 5.50000e+00
1.12500e+01 2.52610e+01 2.28989e+01 7.28989e+01 2.40305e+01 2.52610e+01 8.28989e+01 8.40305e+01 1.25845e-01 1.40345e-01 1.43972e-01 1.43972e-01 4.41258e+01 1.40345e-01 4.14397e+00 6.60000e+00
1.37500e+01 3.00911e+01 2.94610e+01 3.94610e+01 2.90511e+01 2.40911e+01 4.54610e+01 2.90511e+01 1.49010e-01 1.80700e-01 1.68948e-01 4.16895e+00 3.14901e+00 1.18070e+00 1.16895e+00 7.70000e+00
1.62500e+01 3.66220e+01 3.66073e+01 5.66073e+01 7.76554e+01 8.86220e+01 3.46073e+01 3.36554e+01 1.82655e-01 2.34162e-01 1.95853e-01 3.19585e+00 3.18265e+00 5.23416e+00 7.19585e+00 8.00000e-01
"""
        if MPICommons.isMaster():
            self.assertEqual(stream.getvalue(), ref_value)
        else:
            self.assertEqual(stream.getvalue(), "")


    def testFinalizeNoCoordinateTransform(self):
        """ Test finalization. """
        msd = OnTheFlyMSD.__new__(OnTheFlyMSD)

        # Replace the getBackendResults function.
        def dummy():
            pass
        msd._OnTheFlyMSD__getBackendResults = dummy

        # Set a unitcell on the class.
        unit_cell = KMCUnitCell(cell_vectors=numpy.array([[1.0,0.0,0.0],
                                                          [0.0,1.0,0.0],
                                                          [0.0,0.0,1.0]]),
                                basis_points=[[0.0,0.0,0.0]])
        msd._OnTheFlyMSD__unit_cell = unit_cell

        # Set the values.
        msd._OnTheFlyMSD__raw_histogram = numpy.array([[  171144.,   173906.,   188389.],
                                                       [  516721.,   497558.,   536213.],
                                                       [  851961.,   810151.,   836426.],
                                                       [ 1195930.,  1046238.,  1111184.],
                                                       [ 1507650.,  1366678.,  1434213.],
                                                       [ 1780731.,  1743443.,  1719186.],
                                                       [ 2155426.,  2154562.,  1980822.],
                                                       [ 2554205.,  2604757.,  2354967.],
                                                       [ 2954351.,  3032799.,  2698023.],
                                                       [ 3372070.,  3443433.,  3158002.]])
        bin_counters = (60283, 60628, 60461, 59779, 59683, 59178, 58856, 58752, 58162, 57881)
        msd._OnTheFlyMSD__bin_counters = bin_counters
        msd._OnTheFlyMSD__n_bins = 10
        msd._OnTheFlyMSD__binsize = 2.5
        hstep_counts = [8919,8918,8917,8916,8915,8914,8913,8912,8911,8910,8099,8908,8907,8906,8905,8904,8903,8902,8901]
        msd._OnTheFlyMSD__hstep_counts = hstep_counts

        history_bin_counters = [(1, 1, 1, 1, 1, 1, 1, 1, 1, 1),
                                (0, 0, 0, 0, 0, 1, 87, 58752, 58162, 57881)]
        msd._OnTheFlyMSD__history_bin_counters = history_bin_counters
        msd._OnTheFlyMSD__n_eff = [1.12, 2.24, 3.36, 4.48, 5.60, 6.72, 7.84, 8.96, 9.0, 10.12]

        # Call the finalize function.
        msd.finalize()

        # Check a few results.
        result_0_3 =  1195930. / 59779.0
        self.assertAlmostEqual(result_0_3, msd._OnTheFlyMSD__results[0][3], 10)

        result_1_7 = 2604757.0 / 58752.0
        self.assertAlmostEqual(result_1_7, msd._OnTheFlyMSD__results[1][7], 10)

        result_2_0 = 188389.0 / 60283.0
        self.assertAlmostEqual(result_2_0, msd._OnTheFlyMSD__results[2][0], 10)

        # Check the corresponding standard deviation.
        n_eff = numpy.zeros(10)
        for i in range(len(n_eff)):
            for b in range(len(history_bin_counters)):
                fraction = float(history_bin_counters[b][i]) / float(bin_counters[i])
                n_eff[i] += fraction * (b+1.0)

        K1 = hstep_counts[int(n_eff[3]+1)]
        K2 = K1*K1
        std_0_3 = result_0_3 * numpy.sqrt(2.0) * numpy.sqrt((4*n_eff[3]*n_eff[3]*K1 + 2*K1 + n_eff[3] - n_eff[3]*n_eff[3]*n_eff[3])/(n_eff[3]*6*K2))
        self.assertAlmostEqual(std_0_3, msd._OnTheFlyMSD__std_dev[0][3], 10)

        K1 = hstep_counts[int(n_eff[7]+1)]
        K2 = K1*K1
        std_1_7 = result_1_7 * numpy.sqrt(2.0) * numpy.sqrt((4*n_eff[7]*n_eff[7]*K1 + 2*K1 + n_eff[7] - n_eff[7]*n_eff[7]*n_eff[7])/(n_eff[7]*6*K2))
        self.assertAlmostEqual(std_1_7, msd._OnTheFlyMSD__std_dev[1][7], 10)


        K1 = hstep_counts[int(n_eff[0]+1)]
        K2 = K1*K1
        std_2_0 = result_2_0 * numpy.sqrt(2.0) * numpy.sqrt((4*n_eff[0]*n_eff[0]*K1 + 2*K1 + n_eff[0] - n_eff[0]*n_eff[0]*n_eff[0])/(n_eff[0]*6*K2))
        self.assertAlmostEqual(std_2_0, msd._OnTheFlyMSD__std_dev[2][0], 10)

    def testFinalizeWithCoordinateTransform(self):
        """ Test finalization. """
        msd = OnTheFlyMSD.__new__(OnTheFlyMSD)

        # Replace the getBackendResults function.
        def dummy():
            pass
        msd._OnTheFlyMSD__getBackendResults = dummy

        # Set a unitcell on the class.
        unit_cell = KMCUnitCell(cell_vectors=numpy.array([[1.0,0.0,0.0],
                                                          [0.0,1.0,0.0],
                                                          [0.0,0.0,1.0]]),
                                basis_points=[[0.0,0.0,0.0]])
        msd._OnTheFlyMSD__unit_cell = unit_cell

        # Set the values.
        msd._OnTheFlyMSD__raw_histogram = numpy.array([[  171144.,   173906.,   188389.],
                                                       [  516721.,   497558.,   536213.],
                                                       [  851961.,   810151.,   836426.],
                                                       [ 1195930.,  1046238.,  1111184.],
                                                       [ 1507650.,  1366678.,  1434213.],
                                                       [ 1780731.,  1743443.,  1719186.],
                                                       [ 2155426.,  2154562.,  1980822.],
                                                       [ 2554205.,  2604757.,  2354967.],
                                                       [ 2954351.,  3032799.,  2698023.],
                                                       [ 3372070.,  3443433.,  3158002.]])
        bin_counters = (60283, 60628, 60461, 59779, 59683, 59178, 58856, 58752, 58162, 57881)
        msd._OnTheFlyMSD__bin_counters = bin_counters
        msd._OnTheFlyMSD__n_bins = 10
        msd._OnTheFlyMSD__binsize = 2.5

        hstep_counts = [8919,8918,8917,8916,8915,8914,8913,8912,8911,8910,8099,8908,8907,8906,8905,8904,8903,8902,8901]
        msd._OnTheFlyMSD__hstep_counts = hstep_counts

        history_bin_counters = [(1, 1, 1, 1, 1, 1, 1, 1, 1, 1),
                                (0, 0, 0, 0, 0, 1, 87, 58752, 58162, 57881)]
        msd._OnTheFlyMSD__history_bin_counters = history_bin_counters
        msd._OnTheFlyMSD__n_eff = [1.12, 2.24, 3.36, 4.48, 5.60, 6.72, 7.84, 8.96, 9.0, 10.12]

        # Call the finalize function.
        msd.finalize()

        # Check a few results.
        result_0_3 =  1195930. / 59779.0
        self.assertAlmostEqual(result_0_3, msd._OnTheFlyMSD__results[0][3], 10)

        result_1_7 = 2604757.0 / 58752.0
        self.assertAlmostEqual(result_1_7, msd._OnTheFlyMSD__results[1][7], 10)

        result_2_0 = 188389.0 / 60283.0
        self.assertAlmostEqual(result_2_0, msd._OnTheFlyMSD__results[2][0], 10)

        result_3_4 =  ( 1507650.0 +  1366678.0) / 59683.0
        self.assertAlmostEqual(result_3_4, msd._OnTheFlyMSD__results[3][4], 10)

        result_4_4 =  (  1507650.0 + 1434213.0) /  59683.0
        self.assertAlmostEqual(result_4_4, msd._OnTheFlyMSD__results[4][4], 10)

        result_5_6 =  ( 2154562.0 + 1980822.0) / 58856.0
        self.assertAlmostEqual(result_5_6, msd._OnTheFlyMSD__results[5][6], 10)

        result_6_5 =  ( 1780731.0 + 1743443.0 + 1719186.0)/ 59178.0
        self.assertAlmostEqual(result_6_5, msd._OnTheFlyMSD__results[6][5], 10)

        # Check the corresponding standard deviation against hardcoded values.
        std_0_3 = 42.291401180595834
        std_1_7 =  0.813230156401512
        std_2_0 =  6.634050132990601
        std_3_4 = 71.931090096615776
        std_4_4 = 73.621177716983027
        std_5_6 =  7.877909031669120
        std_6_5 = 62.119638306131414

        self.assertAlmostEqual(std_0_3, msd._OnTheFlyMSD__std_dev[0][3], 10)
        self.assertAlmostEqual(std_1_7, msd._OnTheFlyMSD__std_dev[1][7], 10)
        self.assertAlmostEqual(std_2_0, msd._OnTheFlyMSD__std_dev[2][0], 10)
        self.assertAlmostEqual(std_3_4, msd._OnTheFlyMSD__std_dev[3][4], 10)
        self.assertAlmostEqual(std_4_4, msd._OnTheFlyMSD__std_dev[4][4], 10)
        self.assertAlmostEqual(std_5_6, msd._OnTheFlyMSD__std_dev[5][6], 10)
        self.assertAlmostEqual(std_6_5, msd._OnTheFlyMSD__std_dev[6][5], 10)

    def testResultsQuery(self):
        """ Test the result query function. """
        # Setup a dummy object with data.
        msd = OnTheFlyMSD.__new__(OnTheFlyMSD)
        results = "data"
        msd._OnTheFlyMSD__results = results
        # Check the adress.
        self.assertTrue( msd.results() == results )

    def testTimeStepsQuery(self):
        """ Test the time step query function. """
        # Setup a dummy object with data.
        msd = OnTheFlyMSD.__new__(OnTheFlyMSD)
        time_steps = "data"
        msd._OnTheFlyMSD__time_steps = time_steps
        # Check the adress.
        self.assertTrue( msd.timeSteps() == time_steps )

    def testStdDevQuery(self):
        """ Test the standard deviation query function. """
        # Setup a dummy object with data.
        msd = OnTheFlyMSD.__new__(OnTheFlyMSD)
        std_dev = "data"
        msd._OnTheFlyMSD__std_dev = std_dev
        # Check the adress.
        self.assertTrue( msd.stdDev() == std_dev )

    def testBinCountersQuery(self):
        """ Test the bin counters query function. """
        # Setup a dummy object with data.
        msd = OnTheFlyMSD.__new__(OnTheFlyMSD)
        bin_counters = "data"
        msd._OnTheFlyMSD__bin_counters = bin_counters
        # Check the adress.
        self.assertTrue( msd.binCounters() == bin_counters )

    def testSafeCutoffQuery(self):
        """ Test the save cutoff query function. """
        # Setup a dummy object with data.
        msd = OnTheFlyMSD.__new__(OnTheFlyMSD)
        history_bin_counters = numpy.array([[0,0,0,0,0],[0,0,0,6,5],[0,0,0,0,6]], dtype=int)
